10
0	14	7	6	6	16	11	3	13	8	13	
14	0	9	10	10	7	17	8	10	14	9	
7	9	0	5	5	11	7	10	10	3	3	
6	10	5	0	10	6	14	12	9	15	12	
6	10	5	10	0	17	6	6	9	12	17	
16	7	11	6	17	0	10	7	3	9	8	
11	17	7	14	6	10	0	5	5	11	9	
3	8	10	12	6	7	5	0	15	5	12	
13	10	10	9	9	3	5	15	0	11	12	
8	14	3	15	12	9	11	5	11	0	13	
13	9	3	12	17	8	9	12	12	13	0	
